

908 

ASUS02 KWBC 250000

CODSUS

 
CODED SURFACE FRONTAL POSITIONS
NWS WEATHER PREDICTION CENTER COLLEGE PARK MD
931 PM EDT SAT OCT 24 2020
 
VALID 102500Z
HIGHS 1015 2050968 1025 4700809 1013 3711075 1013 3561121 1043 5231237 1042
5611264 1042 5501185 1042 5051136 1017 3340689
LOWS 1005 2301036 1007 6110797 1023 4770845 1011 3190868 1011 3080881 1005
3501149 1001 3741038 1003 4151056 1006 4291105 1003 3931091 1006 3401071 984
5700600 1006 6390742 1009 7321413 1004 7891130 1007 6050464 1008 6700606 1006
7310740 1007 7330674 1005 6940789
TROF 2800824 2490836 2070836
TROF 2570790 2640769 2680735
TROF 1671195 1631197
TROF 3271148 3261148
TROF 3251147 3001140 2761124 2401101 2131096
TROF 2721045 2351038 2101031 1881020
COLD 3030880 2730896 2480923 2360963 2380990
STNRY 2390992 2591011 2701028 2871048 3111057
TROF 4750908 4770890 4820868 4800851
TROF 4830840 5020818 5290796 5710787 6050794
TROF 3320863 3450853 3560839 3620827
STNRY 3660794 3630800 3560812 3470825 3380839 3300856 3250865 3200869
STNRY 3080882 3030882
STNRY 3200869 3150872 3110878 3080881
TROF 3701117 3771109 3861102 3921092
STNRY 3030993 3141004 3231010 3351016 3481018
STNRY 3491018 3571019 3631023 3701030 3741038
STNRY 4071055 4111054 4131054 4151056
COLD 3741038 3791047 3861050 3941050 4021055 4071055
COLD 4151057 4171063 4191073 4191084 4211092 4261098
STNRY 4261098 4281100 4291105
COLD 4291105 4161105 4071116 4061133 4121155 4171178 4221200 4271215 4381231
4481239
STNRY 4481239 4561241 4691243 4801249 4941264 5051281 5201294
COLD 5750589 5630581 5450585 5310595 5080615 4760635 4490666 4140707 3910734
3790757 3720774 3660794
TROF 3921056 3941066 3951078 3941089
TROF 4131051 4151041 4231026 4381014 4641006
TROF 3060830 3070831 3180832 3220835
TROF 3431070 3501063 3601048 3691043
TROF 3381136 3341121 3361104 3351085 3381074
TROF 4280857 4520843 4710843
TROF 6370734 6240709 5920682 5750641 5700602
TROF 6350747 6270770 6140792
TROF 6201122 6251091 6380996 6350931 6240882 6130841 6090804
TROF 6121189 5921192 5701216 5551219 5411208 5131182 4911176 4671174 4501162
4411147 4361133 4321123 4301110
TROF 7121368 6821334 6581282 6311235 6141229 6011242 5941263
STNRY 6861288 7011330 7211371 7321414
TROF 6421559 6431531 6491478 6411446 6261425 6161410 6071384
COLD 7321415 7191507 7121563 7001642 6911706
TROF 5911706 6091691 6331651 6521627 6831610
TROF 8271145 8131148 7971131
TROF 7831109 7661071 7431068 7251069
TROF 7621548 7711430 7781333 7871190
STNRY 4450563 4420575 4380583
COLD 4450669 4200698 4000724 3830752
TROF 7320740 7690734 8000683
TROF 6690608 6540616 6360645
TROF 6520387 7000412 7250415
TROF 5830386 6080472 6600534
STNRY 6420344 5970363
OCFNT 5730610 5760605 5770596 5750588
WARM 5750589 5710559 5580525 5450503
OCFNT 5490281 5820299
WARM 5351492 5381469 5261430 5021400
TROF 3311220 3021250 3001253
STNRY 4491357 4591362 4791374 5021399
TROF 5111291 4501247 4351243
TROF 7240746 7130755 6980788
TROF 6850790 6730778 6560749 6460741
 
$$






514 

ASUS02 KWBC 250000

CODSUS

 
CODED SURFACE FRONTAL POSITIONS
NWS WEATHER PREDICTION CENTER COLLEGE PARK MD
942 PM EDT SAT OCT 24 2020
 
VALID 102500Z
HIGHS 1015 2050968 1025 4700809 1013 3711075 1013 3561121 1043 5231237 1042
5611264 1042 5501185 1042 5051136 1017 3160690
LOWS 1005 2301036 1007 6110797 1023 4770845 1011 3190868 1011 3080881 1005
3501149 1001 3741038 1003 4151056 1006 4291105 1003 3931091 1006 3401071 984
5700600 1006 6390742 1009 7321413 1004 7891130 1007 6050464 1008 6700606 1006
7310740 1007 7330674 1005 6940789
TROF 2800824 2490836 2070836
TROF 2570790 2640769 2680735
TROF 1671195 1631197
TROF 3441149 3221147 3001140 2761124 2401101 2121096
TROF 3441143 3351126 3361104 3351085 3381074
TROF 2721045 2351038 2101031 1881020
COLD 3070881 2950883 2730896 2480923 2370953 2320978 2370991
STNRY 2390992 2591011 2701028 2851046 3021055 3141059 3261062 3381069
TROF 4750908 4770890 4820868 4800851
TROF 4830840 5020818 5290796 5710787 6050794
TROF 3320863 3450853 3560839 3620827
STNRY 3660794 3630800 3560812 3470825 3380839 3300856 3250865 3200869
TROF 2960831 3040830 3110831 3180832 3220835
STNRY 3200869 3150872 3110878 3080881
TROF 3701117 3771109 3861102 3921092
STNRY 3000990 3141004 3231010 3351016 3481018
STNRY 3491018 3571019 3631023 3701030 3741038
STNRY 4071055 4111054 4131054 4151056
COLD 3741038 3791047 3861050 3941050 4021055 4071055
COLD 4151057 4171063 4191073 4191084 4211092 4261098
STNRY 4261098 4281100 4291105
COLD 4291105 4161105 4071116 4061133 4121155 4171178 4221200 4271215 4381231
4481239
STNRY 4481239 4561241 4691243 4801249 4941264 5051281 5281299
COLD 5750589 5630581 5450585 5310595 5080615 4760635 4490666 4140707 3910734
3790757 3720774 3660794
TROF 3311225 3091250 2961293
TROF 3851190 3741180 3621162 3531151
TROF 3921056 3941066 3951078 3941089
WARM 5181527 5331501 5381467 5261430 5021400
TROF 4131051 4151041 4231026 4381014 4641006
TROF 5911706 6061692 6261653 6501625 6831610
COLD 7321415 7191507 7121563 7001642 6931696 6881743
TROF 3431070 3501063 3601048 3691043
TROF 4280857 4520843 4710843
TROF 6370734 6240709 5920682 5750641 5700602
TROF 6350747 6270770 6140792
TROF 6201122 6251091 6380996 6350931 6240882 6130841 6090804
TROF 6121189 5921192 5701216 5551219 5411208 5131182 4911176 4671174 4501162
4411147 4361133 4321123 4301110
TROF 7121368 6821334 6581282 6311235 6141229 6011242 5941263
STNRY 6861288 7011330 7211371 7321414
TROF 6421559 6431531 6491478 6411446 6261425 6161410 6071384
TROF 8271145 8131148 7971131
TROF 7831109 7661071 7431068 7251069
TROF 7621548 7711430 7781333 7871190
STNRY 4420534 4440541 4450561 4400578 4350587
TROF 7320740 7690734 8000683
TROF 6690608 6540616 6360645
TROF 6520387 7000412 7250415
TROF 5830386 6080472 6600534
STNRY 6520316 6390345 6190364
OCFNT 5730610 5760605 5770596 5750588
WARM 5750589 5710559 5580525 5450503
OCFNT 5520277 5670293 5930311 6230308 6340295
STNRY 4491357 4591362 4791374 5021399
TROF 7240746 7130755 6980788
TROF 6850790 6730778 6560749 6460741
 
$$




